18.935   34.195   25.617   15.999
19.130   33.921   24.219   12.011
19.961   32.668   24.100   12.011
19.360   31.583   24.852   15.999
20.172   32.122   22.694   12.011
21.350   31.325   22.681   15.999
18.948   31.223   22.647   12.011
19.231   30.482   23.944   12.011
18.070   29.661   24.380   14.007
18.224   28.454   25.015   12.011
19.360   28.014   25.214   15.999
17.143   27.761   25.377   14.007
15.917   28.226   25.120   12.011
14.828   27.477   25.444   14.007
15.719   29.442   24.471   12.011
16.843   30.171   24.101   12.011
22.409   31.286   21.483   30.974
23.536   32.157   21.851   15.999
21.822   31.459   20.139   15.999
22.840   29.751   21.498   15.999
23.543   29.175   22.594   12.011
23.494   27.709   22.279   12.011
22.193   27.252   22.674   15.999
23.693   27.325   20.807   12.011
24.723   26.320   20.653   15.999
22.273   26.885   20.416   12.011
21.721   26.304   21.716   12.011
20.237   26.470   21.780   14.007
19.526   27.584   21.429   12.011
18.207   27.455   21.636   14.007
18.083   26.212   22.142   12.011
16.904   25.525   22.545   12.011
15.739   25.916   22.518   15.999
17.197   24.279   23.037   14.007
18.434   23.717   23.155   12.011
18.508   22.456   23.668   14.007
19.537   24.360   22.770   14.007
19.290   25.594   22.274   12.011
25.064   25.621   19.252   30.974
26.506   25.316   19.220   15.999
24.559   26.412   18.115   15.999
24.260   24.246   19.327   15.999
24.584   23.285   20.335   12.011
23.523   22.233   20.245   12.011
22.256   22.844   20.453   15.999
23.424   21.557   18.903   12.011
24.121   20.309   18.928   15.999
21.930   21.406   18.661   12.011
21.278   21.966   19.909   12.011
20.196   22.889   19.521   14.007
18.909   22.584   19.816   12.011
18.685   21.512   20.382   15.999
17.935   23.447   19.502   14.007
18.217   24.603   18.897   12.011
17.221   25.499   18.629   14.007
19.526   24.945   18.571   12.011
20.537   24.048   18.899   12.011
24.249   19.412   17.617   30.974
25.420   18.535   17.765   15.999
24.208   20.296   16.440   15.999
22.931   18.537   17.670   15.999
22.714   17.625   18.753   12.011
21.393   16.960   18.505   12.011
20.353   17.952   18.496   15.999
21.264   16.229   17.176   12.011
20.284   15.214   17.238   15.999
20.793   17.368   16.288   12.011
19.716   17.901   17.218   12.011
19.305   19.281   16.869   14.007
20.017   20.263   16.232   12.011
19.313   21.394   16.077   14.007
18.121   21.100   16.635   12.011
16.952   21.904   16.749   12.011
16.769   23.057   16.368   15.999
15.933   21.214   17.352   14.007
15.972   19.930   17.816   12.011
14.831   19.416   18.353   14.007
17.068   19.179   17.717   14.007
18.084   19.825   17.121   12.011
20.356   13.969   16.245   30.974
21.116   12.891   16.892   15.999
20.837   14.423   14.910   15.999
18.810   13.581   16.161   15.999
18.015   13.569   17.362   12.011
16.672   14.088   16.957   12.011
16.842   15.447   16.561   15.999
16.019   13.393   15.764   12.011
14.762   12.796   16.120   15.999
15.952   14.498   14.696   12.011
15.851   15.732   15.569   12.011
16.391   16.916   14.867   14.007
17.658   17.103   14.382   12.011
17.863   18.346   13.913   14.007
16.673   18.953   14.098   12.011
16.230   20.279   13.819   12.011
17.045   21.222   13.268   14.007
14.966   20.578   14.118   14.007
14.178   19.652   14.669   12.011
14.463   18.392   14.984   14.007
15.750   18.110   14.661   12.011
13.866   12.006   15.063   30.974
13.028   11.039   15.800   15.999
14.715   11.499   13.968   15.999
12.879   13.111   14.480   15.999
11.802   13.597   15.290   12.011
11.111   14.603   14.435   12.011
12.152   15.460   13.962   15.999
10.417   14.070   13.187   12.011
9.007   14.369   13.181   15.999
11.240   14.692   12.061   12.011
11.699   15.974   12.719   12.011
12.918   16.526   12.078   14.007
14.115   15.899   11.868   12.011
15.049   16.714   11.356   14.007
14.416   17.901   11.246   12.011
14.873   19.187   10.815   12.011
16.161   19.418   10.427   14.007
13.999   20.191   10.852   14.007
12.753   19.962   11.272   12.011
12.210   18.824   11.698   14.007
13.116   17.823   11.657   12.011
8.081   14.050   11.915   30.974
6.668   13.960   12.342   15.999
8.600   12.894   11.137   15.999
8.239   15.387   11.076   15.999
7.907   16.635   11.686   12.011
8.162   17.628   10.598   12.011
9.543   17.580   10.279   15.999
7.461   17.284   9.296   12.011
6.251   18.034   9.162   15.999
8.532   17.527   8.223   12.011
9.644   18.209   9.019   12.011
11.021   17.903   8.565   14.007
11.822   18.923   8.176   12.011
11.383   20.077   8.143   15.999
13.119   18.641   7.852   14.007
13.633   17.372   7.882   12.011
14.830   17.222   7.619   15.999
12.781   16.325   8.235   12.011
13.269   14.902   8.236   12.011
11.465   16.616   8.594   12.011
5.384   17.990   7.824   30.974
4.025   18.444   8.180   15.999
5.458   16.668   7.160   15.999
6.086   19.118   6.927   15.999
6.146   20.478   7.418   12.011
6.995   21.229   6.438   12.011
8.188   20.458   6.284   15.999
6.418   21.332   5.029   12.011
5.967   22.667   4.696   15.999
7.513   20.718   4.139   12.011
8.736   20.855   5.034   12.011
9.823   19.876   4.759   14.007
11.086   20.316   4.494   12.011
11.324   21.516   4.389   15.999
12.094   19.403   4.412   14.007
11.876   18.060   4.551   12.011
12.858   17.317   4.503   15.999
10.569   17.611   4.765   12.011
10.261   16.140   4.896   12.011
9.545   18.548   4.904   12.011
5.531   23.071   3.209   30.974
4.648   24.244   3.269   15.999
5.010   21.905   2.470   15.999
6.926   23.547   2.611   15.999
7.636   24.627   3.249   12.011
8.897   24.853   2.457   12.011
9.638   23.627   2.448   15.999
8.717   25.240   0.998   12.011
9.470   26.414   0.667   15.999
9.126   23.965   0.253   12.011
10.241   23.483   1.157   12.011
10.524   22.022   1.015   14.007
11.814   21.603   0.840   12.011
12.691   22.447   0.670   15.999
12.106   20.297   0.873   14.007
11.141   19.395   1.046   12.011
11.461   18.075   1.089   14.007
9.803   19.775   1.177   12.011
9.499   21.133   1.167   12.011
9.055   27.333   -0.581   30.974
9.496   28.717   -0.258   15.999
7.632   27.106   -0.947   15.999
9.954   26.765   -1.771   15.999
11.382   26.940   -1.720   12.011
11.972   26.090   -2.802   12.011
11.802   24.724   -2.404   15.999
11.327   26.178   -4.188   12.011
12.311   26.096   -5.214   15.999
10.414   24.962   -4.186   12.011
11.429   24.028   -3.587   12.011
10.890   22.713   -3.200   14.007
9.616   22.315   -2.910   12.011
9.541   21.009   -2.613   14.007
10.818   20.588   -2.718   12.011
11.376   19.292   -2.511   12.011
10.813   18.252   -2.179   15.999
12.729   19.299   -2.720   14.007
13.498   20.365   -3.082   12.011
14.834   20.169   -3.237   14.007
12.982   21.573   -3.267   14.007
11.656   21.601   -3.061   12.011
12.763   27.421   -5.980   30.974
12.796   28.572   -5.049   15.999
11.886   27.542   -7.164   15.999
14.272   27.086   -6.366   15.999
15.275   27.108   -5.318   12.011
16.222   25.946   -5.510   12.011
15.443   24.754   -5.397   15.999
16.942   25.827   -6.848   12.011
18.340   25.511   -6.701   15.999
16.118   24.767   -7.578   12.011
15.856   23.836   -6.414   12.011
14.672   22.975   -6.637   14.007
14.802   21.628   -6.529   12.011
15.924   21.178   -6.314   15.999
13.723   20.842   -6.627   14.007
12.515   21.373   -6.836   12.011
11.410   20.574   -6.872   14.007
12.348   22.744   -6.978   12.011
13.470   23.558   -6.869   12.011
19.331   25.774   -7.925   30.974
20.704   25.976   -7.408   15.999
18.763   26.851   -8.758   15.999
19.302   24.412   -8.763   15.999
20.109   23.284   -8.359   12.011
19.748   22.167   -9.299   12.011
18.350   21.969   -9.139   15.999
19.921   22.404   -10.815   12.011
20.985   21.635   -11.401   15.999
18.535   22.062   -11.381   12.011
17.965   21.200   -10.269   12.011
16.493   21.220   -10.265   14.007
15.663   22.289   -10.478   12.011
14.368   21.958   -10.390   14.007
14.388   20.640   -10.102   12.011
13.301   19.742   -9.856   12.011
12.091   19.967   -9.857   15.999
13.750   18.466   -9.625   14.007
15.042   18.043   -9.605   12.011
15.259   16.717   -9.406   14.007
16.061   18.885   -9.792   14.007
15.660   20.156   -10.027   12.011
7.458   11.884   -9.070   15.999
8.252   10.968   -9.854   12.011
9.714   11.141   -9.512   12.011
10.144   12.455   -9.908   15.999
10.103   10.989   -8.055   12.011
11.293   10.221   -7.904   15.999
10.254   12.437   -7.607   12.011
10.896   13.044   -8.837   12.011
10.575   14.487   -8.944   14.007
11.559   15.430   -9.006   12.011
12.725   15.066   -8.932   15.999
11.246   16.714   -9.193   14.007
9.980   17.088   -9.334   12.011
9.698   18.395   -9.589   14.007
8.939   16.162   -9.274   12.011
9.265   14.824   -9.080   12.011
11.602   9.510   -6.502   30.974
11.666   8.032   -6.664   15.999
10.644   10.010   -5.494   15.999
13.051   10.094   -6.177   15.999
14.100   10.021   -7.156   12.011
15.113   10.992   -6.657   12.011
14.556   12.300   -6.755   15.999
15.445   10.806   -5.189   12.011
16.836   10.560   -5.013   15.999
14.937   12.100   -4.529   12.011
15.058   13.086   -5.671   12.011
14.036   14.140   -5.536   14.007
12.710   13.957   -5.259   12.011
12.016   15.103   -5.269   14.007
12.937   16.041   -5.558   12.011
12.761   17.451   -5.710   12.011
11.723   18.111   -5.630   15.999
13.952   18.079   -5.973   14.007
15.171   17.485   -6.107   12.011
16.244   18.292   -6.325   14.007
15.329   16.161   -5.986   14.007
14.179   15.499   -5.721   12.011
17.478   10.380   -3.569   30.974
18.665   9.516   -3.729   15.999
16.427   9.940   -2.633   15.999
17.957   11.865   -3.208   15.999
18.963   12.531   -3.996   12.011
18.936   13.958   -3.536   12.011
17.592   14.409   -3.622   15.999
19.253   14.139   -2.066   12.011
20.659   14.219   -1.858   15.999
18.520   15.417   -1.728   12.011
17.545   15.602   -2.872   12.011
16.145   15.696   -2.428   14.007
15.507   16.886   -2.558   12.011
16.162   17.846   -2.957   15.999
14.209   16.983   -2.264   14.007
13.536   15.919   -1.825   12.011
12.205   16.017   -1.553   14.007
14.164   14.689   -1.652   12.011
15.509   14.584   -1.979   12.011
21.304   14.529   -0.436   30.974
22.696   14.087   -0.524   15.999
20.488   13.954   0.650   15.999
21.306   16.117   -0.363   15.999
22.177   16.876   -1.212   12.011
21.739   18.292   -1.021   12.011
20.305   18.225   -1.048   15.999
22.101   18.959   0.293   12.011
22.592   20.293   0.097   15.999
20.820   18.829   1.121   12.011
19.765   18.985   0.046   12.011
18.513   18.299   0.468   14.007
18.363   17.062   1.039   12.011
17.080   16.744   1.281   14.007
16.400   17.832   0.868   12.011
14.996   18.090   0.882   12.011
14.082   17.378   1.280   15.999
14.712   19.349   0.418   14.007
15.606   20.268   -0.027   12.011
15.134   21.493   -0.382   14.007
16.912   20.017   -0.072   14.007
17.236   18.794   0.384   12.011
22.904   21.238   1.339   30.974
23.994   22.183   1.025   15.999
23.104   20.390   2.538   15.999
21.577   22.107   1.390   15.999
21.216   22.833   0.200   12.011
20.101   23.788   0.484   12.011
18.913   23.054   0.816   15.999
20.347   24.743   1.633   12.011
19.732   26.010   1.411   15.999
19.752   23.945   2.791   12.011
18.497   23.393   2.145   12.011
18.079   22.095   2.758   14.007
18.847   21.020   3.133   12.011
18.114   19.984   3.584   14.007
16.842   20.424   3.488   12.011
15.577   19.817   3.786   12.011
15.448   18.537   4.242   14.007
14.482   20.557   3.593   14.007
14.597   21.801   3.118   12.011
15.700   22.472   2.783   14.007
16.791   21.706   3.002   12.011
19.803   27.141   2.526   30.974
19.796   28.478   1.888   15.999
20.953   26.858   3.426   15.999
18.396   26.939   3.241   15.999
17.203   27.028   2.452   12.011
16.035   26.958   3.388   12.011
15.856   25.612   3.850   15.999
16.101   27.861   4.615   12.011
14.890   28.608   4.757   15.999
16.368   26.844   5.724   12.011
15.561   25.655   5.243   12.011
16.104   24.373   5.755   14.007
17.411   23.967   5.830   12.011
17.539   22.706   6.276   14.007
16.266   22.309   6.480   12.011
15.715   21.073   6.933   12.011
16.483   19.994   7.243   14.007
14.389   20.994   7.036   14.007
13.636   22.041   6.708   12.011
14.019   23.234   6.265   14.007
15.367   23.291   6.174   12.011
14.604   29.545   6.020   30.974
13.792   30.696   5.582   15.999
15.852   29.836   6.749   15.999
13.633   28.628   6.885   15.999
12.398   28.171   6.303   12.011
11.809   27.217   7.302   12.011
12.767   26.184   7.534   15.999
11.515   27.822   8.669   12.011
10.103   27.952   8.891   15.999
12.267   26.906   9.630   12.011
12.426   25.645   8.799   12.011
13.609   24.850   9.205   14.007
13.442   23.575   9.656   12.011
12.311   23.101   9.802   15.999
14.551   22.825   9.913   14.007
15.815   23.321   9.777   12.011
16.755   22.570   10.029   15.999
15.972   24.647   9.362   12.011
17.345   25.239   9.234   12.011
14.844   25.405   9.048   12.011
9.513   28.533   10.260   30.974
8.145   29.007   9.998   15.999
10.455   29.513   10.841   15.999
9.395   27.223   11.153   15.999
8.576   26.148   10.664   12.011
8.655   25.060   11.678   12.011
10.003   24.615   11.764   15.999
8.272   25.471   13.087   12.011
7.199   24.657   13.553   15.999
9.586   25.307   13.860   12.011
10.190   24.148   13.089   12.011
11.660   24.070   13.205   14.007
12.257   22.880   13.486   12.011
11.583   21.866   13.691   15.999
13.620   22.829   13.497   14.007
14.402   23.914   13.225   12.011
15.625   23.764   13.252   15.999
13.774   25.126   12.933   12.011
14.563   26.358   12.612   12.011
12.385   25.187   12.926   12.011
6.594   24.823   15.016   30.974
5.169   24.424   14.987   15.999
6.870   26.189   15.511   15.999
7.409   23.731   15.839   15.999
7.331   22.352   15.433   12.011
8.100   21.598   16.461   12.011
9.478   21.902   16.263   15.999
7.766   22.045   17.879   12.011
7.036   21.041   18.611   15.999
9.123   22.414   18.469   12.011
10.107   21.743   17.523   12.011
11.328   22.556   17.331   14.007
12.534   21.939   17.329   12.011
12.560   20.731   17.579   15.999
13.639   22.639   17.035   14.007
13.560   23.938   16.739   12.011
14.685   24.628   16.404   14.007
12.338   24.609   16.736   12.011
11.193   23.878   17.035   12.011
6.509   21.324   20.099   30.974
5.387   20.397   20.396   15.999
6.235   22.774   20.306   15.999
7.767   20.924   20.993   15.999
8.216   19.559   21.073   12.011
9.422   19.557   21.977   12.011
10.493   20.260   21.319   15.999
9.267   20.267   23.325   12.011
10.088   19.657   24.293   15.999
9.751   21.670   22.990   12.011
10.988   21.226   22.256   12.011
11.599   22.357   21.543   14.007
11.037   23.545   21.159   12.011
11.921   24.362   20.566   14.007
13.072   23.653   20.580   12.011
14.370   24.003   20.102   12.011
14.747   25.057   19.585   15.999
15.268   22.983   20.308   14.007
15.023   21.776   20.891   12.011
16.066   20.914   21.038   14.007
13.815   21.452   21.350   14.007
12.902   22.429   21.151   12.011
9.477   18.627   25.340   30.974
8.767   17.534   24.627   15.999
8.670   19.409   26.312   15.999
10.807   18.067   26.034   15.999
11.688   17.170   25.310   12.011
13.115   17.573   25.593   12.011
13.284   18.804   24.893   15.999
13.441   17.879   27.059   12.011
14.341   16.938   27.677   15.999
13.928   19.322   27.025   12.011
14.312   19.508   25.568   12.011
14.144   20.932   25.170   14.007
15.199   21.595   24.630   12.011
16.257   20.984   24.504   15.999
15.067   22.877   24.257   14.007
13.898   23.510   24.404   12.011
13.771   24.813   24.018   14.007
12.795   22.866   24.967   12.011
12.935   21.540   25.359   12.011
14.658   17.064   29.247   30.974
14.863   15.717   29.825   15.999
13.633   17.912   29.920   15.999
16.033   17.880   29.284   15.999
17.243   17.320   28.742   12.011
18.208   18.464   28.758   12.011
17.716   19.428   27.829   15.999
18.230   19.236   30.058   12.011
18.978   18.583   31.084   15.999
18.885   20.519   29.578   12.011
18.276   20.693   28.188   12.011
17.164   21.659   28.139   14.007
15.874   21.536   28.580   12.011
15.129   22.614   28.308   14.007
15.990   23.436   27.673   12.011
15.765   24.729   27.117   12.011
14.719   25.373   27.067   15.999
16.926   25.257   26.604   14.007
18.157   24.666   26.579   12.011
19.208   25.386   26.096   14.007
18.350   23.438   27.053   14.007
17.231   22.893   27.570   12.011
